VCD info: dumpfile output.vcd opened for output.
Starting simulation
Simulation ended.
                   0,	0,	0,	0  x
                   5,	1,	0,	0  x
                  10,	0,	1,	0  x
                  15,	1,	1,	0  X
                  20,	0,	1,	0  X
                  25,	1,	1,	0  X
                  30,	0,	1,	0  X
                  35,	1,	1,	0  X
                  40,	0,	1,	0  X
                  45,	1,	1,	0  X
                  50,	0,	1,	0  X
                  55,	1,	1,	0  X
                  60,	0,	1,	0  X
                  65,	1,	1,	0  X
                  70,	0,	1,	0  X
                  75,	1,	1,	0  X
                  80,	0,	1,	0  X
                  85,	1,	1,	0  X
                  90,	0,	1,	0  X
                  95,	1,	1,	0  X
                 100,	0,	1,	0  X
                 105,	1,	1,	0  X
                 110,	0,	1,	0  X
                 115,	1,	1,	0  X
                 120,	0,	1,	0  X
                 125,	1,	1,	0  X
                 130,	0,	1,	0  X
                 135,	1,	1,	0  X
                 140,	0,	1,	0  X
                 145,	1,	1,	0  X
                 150,	0,	1,	0  X
                 155,	1,	1,	0  X
                 160,	0,	1,	0  X
                 165,	1,	1,	0  X
                 170,	0,	1,	0  X
                 175,	1,	1,	0  X
                 180,	0,	1,	0  X
                 185,	1,	1,	0  X
                 190,	0,	1,	0  X
                 195,	1,	1,	0  X
                 200,	0,	1,	0  X
                 205,	1,	1,	0  X
                 210,	0,	1,	0  X
                 215,	1,	1,	0  X
                 220,	0,	1,	0  X
                 225,	1,	1,	0  X
                 230,	0,	1,	0  X
                 235,	1,	1,	0  X
                 240,	0,	1,	0  X
                 245,	1,	1,	0  X
                 250,	0,	1,	0  X
                 255,	1,	1,	0  X
                 260,	0,	1,	0  X
                 265,	1,	1,	0  X
                 270,	0,	1,	0  X
                 275,	1,	1,	0  X
                 280,	0,	1,	0  X
                 285,	1,	1,	0  X
                 290,	0,	1,	0  X
                 295,	1,	1,	0  X
                 300,	0,	1,	0  X
                 305,	1,	1,	0  X
                 310,	0,	1,	0  X
                 315,	1,	1,	0  X
                 320,	0,	1,	0  X
                 325,	1,	1,	0  X
                 330,	0,	1,	0  X
                 335,	1,	1,	0  X
                 340,	0,	1,	0  X
                 345,	1,	1,	0  X
                 350,	0,	1,	0  X
                 355,	1,	1,	0  X
                 360,	0,	1,	0  X
                 365,	1,	1,	0  X
                 370,	0,	1,	0  X
                 375,	1,	1,	0  X
                 380,	0,	1,	0  X
                 385,	1,	1,	0  X
                 390,	0,	1,	0  X
                 395,	1,	1,	0  X
                 400,	0,	1,	0  X
                 405,	1,	1,	0  X
                 410,	0,	1,	0  X
                 415,	1,	1,	0  X
                 420,	0,	1,	0  X
                 425,	1,	1,	0  X
                 430,	0,	1,	0  X
                 435,	1,	1,	0  X
                 440,	0,	1,	0  X
                 445,	1,	1,	0  X
                 450,	0,	1,	0  X
                 455,	1,	1,	0  X
                 460,	0,	1,	0  X
                 465,	1,	1,	0  X
                 470,	0,	1,	0  X
                 475,	1,	1,	0  X
                 480,	0,	1,	0  X
                 485,	1,	1,	0  X
                 490,	0,	1,	0  X
                 495,	1,	1,	0  X
                 500,	0,	1,	0  X
                 505,	1,	1,	0  X
                 510,	0,	1,	0  X
                 515,	1,	1,	0  X
                 520,	0,	1,	0  X
                 525,	1,	1,	0  X
                 530,	0,	1,	0  X
                 535,	1,	1,	0  X
                 540,	0,	1,	0  X
                 545,	1,	1,	0  X
                 550,	0,	1,	0  X
                 555,	1,	1,	0  X
                 560,	0,	1,	0  X
                 565,	1,	1,	0  X
                 570,	0,	1,	0  X
                 575,	1,	1,	0  X
                 580,	0,	1,	0  X
                 585,	1,	1,	0  X
                 590,	0,	1,	0  X
                 595,	1,	1,	0  X
                 600,	0,	1,	0  X
                 605,	1,	1,	0  X
                 610,	0,	1,	0  X
                 615,	1,	1,	0  X
                 620,	0,	1,	0  X
                 625,	1,	1,	0  X
                 630,	0,	1,	0  X
                 635,	1,	1,	0  X
                 640,	0,	1,	0  X
                 645,	1,	1,	0  X
                 650,	0,	1,	0  X
                 655,	1,	1,	0  X
                 660,	0,	1,	0  X
                 665,	1,	1,	0  X
                 670,	0,	1,	0  X
                 675,	1,	1,	0  X
                 680,	0,	1,	0  X
                 685,	1,	1,	0  X
                 690,	0,	1,	0  X
                 695,	1,	1,	0  X
                 700,	0,	1,	0  X
                 705,	1,	1,	0  X
                 710,	0,	1,	0  X
                 715,	1,	1,	0  X
                 720,	0,	1,	0  X
                 725,	1,	1,	0  X
                 730,	0,	1,	0  X
                 735,	1,	1,	0  X
                 740,	0,	1,	0  X
                 745,	1,	1,	0  X
                 750,	0,	1,	0  X
                 755,	1,	1,	0  X
                 760,	0,	1,	0  X
                 765,	1,	1,	0  X
                 770,	0,	1,	0  X
                 775,	1,	1,	0  X
                 780,	0,	1,	0  X
                 785,	1,	1,	0  X
                 790,	0,	1,	0  X
                 795,	1,	1,	0  X
                 800,	0,	1,	0  X
                 805,	1,	1,	0  X
                 810,	0,	1,	0  X
                 815,	1,	1,	0  X
                 820,	0,	1,	0  X
                 825,	1,	1,	0  X
                 830,	0,	1,	0  X
                 835,	1,	1,	0  X
                 840,	0,	1,	0  X
                 845,	1,	1,	0  X
                 850,	0,	1,	0  X
                 855,	1,	1,	0  X
                 860,	0,	1,	0  X
                 865,	1,	1,	0  X
                 870,	0,	1,	0  X
                 875,	1,	1,	0  X
                 880,	0,	1,	0  X
                 885,	1,	1,	0  X
                 890,	0,	1,	0  X
                 895,	1,	1,	0  X
                 900,	0,	1,	0  X
                 905,	1,	1,	0  X
                 910,	0,	1,	0  X
                 915,	1,	1,	0  X
                 920,	0,	1,	0  X
                 925,	1,	1,	0  X
                 930,	0,	1,	0  X
                 935,	1,	1,	0  X
                 940,	0,	1,	0  X
                 945,	1,	1,	0  X
                 950,	0,	1,	0  X
                 955,	1,	1,	0  X
                 960,	0,	1,	0  X
                 965,	1,	1,	0  X
                 970,	0,	1,	0  X
                 975,	1,	1,	0  X
                 980,	0,	1,	0  X
                 985,	1,	1,	0  X
                 990,	0,	1,	0  X
                 995,	1,	1,	0  X
                1000,	0,	1,	0  X
                1005,	1,	1,	0  X
                1010,	0,	1,	0  X
                1015,	1,	1,	0  X
                1020,	0,	1,	0  X
                1025,	1,	1,	0  X
                1030,	0,	1,	0  X
                1035,	1,	1,	0  X
                1040,	0,	1,	0  X
                1045,	1,	1,	0  X
                1050,	0,	1,	0  X
                1055,	1,	1,	0  X
                1060,	0,	1,	0  X
                1065,	1,	1,	0  X
                1070,	0,	1,	0  X
                1075,	1,	1,	0  X
                1080,	0,	1,	0  X
                1085,	1,	1,	0  X
                1090,	0,	1,	0  X
                1095,	1,	1,	0  X
                1100,	0,	1,	0  X
                1105,	1,	1,	0  X
                1110,	0,	1,	0  X
                1115,	1,	1,	0  X
                1120,	0,	1,	0  X
                1125,	1,	1,	0  X
                1130,	0,	1,	0  X
                1135,	1,	1,	0  X
                1140,	0,	1,	0  X
                1145,	1,	1,	0  X
                1150,	0,	1,	0  X
                1155,	1,	1,	0  X
                1160,	0,	1,	0  X
                1165,	1,	1,	0  X
                1170,	0,	1,	0  X
                1175,	1,	1,	0  X
                1180,	0,	1,	0  X
                1185,	1,	1,	0  X
                1190,	0,	1,	0  X
                1195,	1,	1,	0  X
                1200,	0,	1,	0  X
                1205,	1,	1,	0  X
                1210,	0,	1,	0  X
                1215,	1,	1,	0  X
                1220,	0,	1,	0  X
                1225,	1,	1,	0  X
                1230,	0,	1,	0  X
                1235,	1,	1,	0  X
                1240,	0,	1,	0  X
                1245,	1,	1,	0  X
                1250,	0,	1,	0  X
                1255,	1,	1,	0  X
                1260,	0,	1,	0  X
                1265,	1,	1,	0  X
                1270,	0,	1,	0  X
                1275,	1,	1,	0  X
                1280,	0,	1,	0  X
                1285,	1,	1,	0  X
                1290,	0,	1,	0  X
                1295,	1,	1,	0  X
                1300,	0,	1,	0  X
